|   id   |      a       |      b       |      c       |
        0    4.42356e-04   -1.79952e-04    5.92992e+00
        3    6.19516e-04   -1.03419e-04    5.76873e+00
        8   -1.03886e-05   -2.18665e-04    9.42264e-01
        1    4.28708e-04   -5.52323e-04   -4.16787e-01
        2   -4.75456e-04    5.14438e-04   -4.67036e+00
        7    2.63048e-04    3.02402e-04   -3.24430e-01
        4   -4.62824e-04    4.29300e-06   -4.63384e+00
        6    2.89328e-04    7.01243e-05    5.05367e-01
        9    3.93903e-04   -3.39525e-04    5.66938e-01
        5    1.06668e-04    2.97958e-04    8.59814e-01
